140287
140288
140303
140304
140304A
140304B
140309
140310
140311
140313
140314
140315
140322
140323
140324
140327
140328
140395
140396
140398
140401
140402
140403
140404
140406
140867
140868
140873
140873A
140873P
140873S
140873V
140877
140878
140879
140880
140881
140882
140883
140884
140887
140888
140889
140890
140891
140893
140895
140901
140902A
140902G
140902T
140902V
140902Y
140904
140906
140918
140919
140920
140922
140923
140924
140926
140927
140928
140929
140930
140931
140932
140933
140937
140938
140939
140940
140941
140942
140943
140944
140945
140951
140962
140963
140963A
140963B
140964
140964A
140964B
140965
140969
140970
140971
140975
140975A
140975E
140975G
140975L
140975M
140975T
140975V
140975W
140975Y
140976
140976A
140976T
140976V
140976Y
140978
141001
141016
141017
141018
141018A
141018B
141018G
141018V
141019
141019A
141019B
141019G
141019P
141019V
141025
141029
141173
141176
141178
141179
141180
141181
141182
141183
141184
141185
141186
141187
141188
141189
141192
141193
141200
141202
141210
141213
141221
141222
141224
141227
141228
141229
141235
141237
141244
141244A
141244P
141248
141250
141252
141253
141263
141264
141265
141266
141267
141268
141275
